0000000000.000000 0.324765 0.21058 0.0508211 0.00270783 0.0121983 0.00760222 0.999893
0000000001.000000 -0.0212055 2.37072 0.0489738 0.00735183 0.0223136 0.0429279 0.998802
0000000004.000000 2.47115 0.673248 -9.38141e-06 0.0199107 0.000931025 0.064379 0.997726
0000000005.000000 1.97392 2.62499 -0.107897 0.0565119 -0.00302429 0.0606622 0.996553
0000000016.000000 0.437974 0.0648186 1.87294 0.0130726 -0.00471866 0.050531 0.998626
0000000017.000000 -0.0114932 2.35048 2.1072 0.0290161 0.0196774 0.036262 0.998727
0000000020.000000 2.6317 0.389291 1.97796 0.0178916 -0.0105783 0.0837172 0.996273
0000000021.000000 1.9963 2.37558 2.09074 0.0332502 0.000758385 0.0313323 0.998956
0000000032.000000 0.299858 0.00519218 4.05925 0.0286628 0.00890468 0.0456076 0.998508
0000000033.000000 0.0623903 1.97269 4.23129 0.0435166 -0.00999915 0.0582755 0.997302
0000000036.000000 2.35304 0.273429 3.93545 0.0303661 0.0124777 0.053308 0.998038
0000000037.000000 1.99996 2.05562 4.34844 0.0206226 -0.00183315 0.0494368 0.998563
0000000048.000000 0.318154 -0.102123 6.08981 0.0484888 -0.0185213 0.0804518 0.995406
0000000049.000000 -0.152961 2.02198 6.16488 0.051696 0.00973756 0.0486375 0.99743
0000000052.000000 2.26537 0.110141 6.15171 0.0304458 -0.00601341 0.0583682 0.997813
0000000053.000000 1.93805 2.19923 6.34753 0.04524 0.0209839 0.0626103 0.996791
