0000000002.000000 -0.165969 4.38092 0.0748619 0.0183891 -0.0148821 0.0652891 0.997586
0000000003.000000 -0.499538 6.38531 0.355693 0.000567376 0.00342686 0.0470786 0.998885
0000000006.000000 1.77527 4.57925 0.208215 0.0466102 0.0085803 0.0647272 0.996777
0000000007.000000 1.59795 6.49316 0.525165 0.0240326 -0.00552375 0.0429335 0.998774
0000000018.000000 -0.211885 4.24977 2.16452 0.0434926 -0.000501474 0.0553909 0.997517
0000000019.000000 -0.533077 6.37288 2.46068 -0.0172002 0.0190011 0.0226298 0.999415
0000000022.000000 1.70472 4.28552 2.27852 0.0548337 0.0269528 0.0366109 0.99746
0000000023.000000 1.39217 6.43048 2.35479 0.0331493 0.015337 0.0343614 0.998742
0000000034.000000 0.0277043 4.02185 4.2977 0.0219223 -0.00114491 0.0402392 0.998949
0000000035.000000 -0.299633 6.21901 4.37536 0.00862458 0.000258245 0.0237791 0.99968
0000000038.000000 1.87498 4.04251 4.36412 0.0316314 0.00907186 0.027399 0.999083
0000000039.000000 1.55088 6.22158 4.56085 0.0130894 0.00822822 0.0217779 0.999643
0000000050.000000 -0.271326 4.03103 6.48474 0.0229111 0.000967772 0.0759499 0.996848
0000000051.000000 -0.542292 6.19262 6.52374 0.00751778 -0.0383597 0.0487425 0.998046
0000000054.000000 1.7481 4.15065 6.39222 0.0376659 0.0114398 0.0287029 0.998813
0000000055.000000 1.66137 6.35958 6.50295 0.0200246 -0.0342479 0.033553 0.998649
