0000000008.000000 4.39708 0.687764 -0.121923 0.0537237 -0.00298167 0.0816177 0.99521
0000000009.000000 3.95009 2.86579 0.167338 0.0373432 -0.0118874 0.0692388 0.99683
0000000012.000000 6.3801 1.05831 0.206562 0.0437064 -0.0161329 0.0631643 0.996915
0000000013.000000 6.03533 3.04832 0.293472 0.0285392 -0.01012 0.0645071 0.997458
0000000024.000000 4.49356 0.580749 2.04994 0.0288135 -0.00421012 0.0674257 0.997299
0000000025.000000 4.04434 2.63019 2.16607 0.0332497 0.000967236 0.0354468 0.998818
0000000028.000000 6.11648 0.848352 2.02417 0.0311297 -0.0114298 0.0400528 0.998647
0000000029.000000 6.14911 2.91908 2.23394 0.0442649 0.0122468 0.0578193 0.99727
0000000040.000000 4.35615 0.432324 4.04895 0.0241986 0.0153745 0.0580764 0.9979
0000000041.000000 3.83757 2.43856 4.27416 0.0357967 0.0170265 0.0567459 0.997601
0000000044.000000 6.33109 0.734281 4.05213 0.028354 0.00674092 0.0439976 0.998606
0000000045.000000 6.07128 2.69407 4.12971 0.0466614 0.0183218 0.0651033 0.996619
0000000056.000000 4.25539 0.183931 6.13356 0.0229572 0.0104514 0.0625034 0.997726
0000000057.000000 3.98893 2.28428 6.25285 0.0119148 0.0226683 0.0235376 0.999395
0000000060.000000 6.40995 0.575027 6.13588 0.0496569 0.0251355 0.043721 0.997492
0000000061.000000 6.09308 2.34753 6.32678 0.0346808 0.0158415 0.0507705 0.997982
