0000000010.000000 3.69182 4.71186 0.285698 0.0657889 0.00692614 0.0512909 0.99649
0000000011.000000 3.51884 6.96513 0.610137 0.0310624 0.0109114 0.0342381 0.998871
0000000014.000000 5.6161 5.16163 0.445494 0.0780398 -0.0178484 0.0463144 0.995714
0000000015.000000 5.51991 7.29672 0.86879 0.0656938 0.0029421 0.0392138 0.997065
0000000026.000000 3.83919 4.6234 2.26863 0.0370452 0.0369288 0.066735 0.996399
0000000027.000000 3.44518 6.67841 2.50881 0.0336808 0.0121425 0.0330881 0.998811
0000000030.000000 5.806 4.96923 2.37842 0.0312697 0.0254063 0.0694791 0.996769
0000000031.000000 5.59134 7.02567 2.45632 0.0334232 -0.00415233 0.0430736 0.998504
0000000042.000000 3.89293 4.30585 4.25602 0.0292937 0.00550866 0.0477036 0.998417
0000000043.000000 3.55981 6.3608 4.49482 0.041062 0.0218115 0.0362828 0.998259
0000000046.000000 5.87674 4.5951 4.35845 0.0353041 0.0124562 0.0446428 0.998301
0000000047.000000 5.59357 6.6205 4.39809 0.0459164 0.0148859 0.0348913 0.998225
0000000058.000000 3.93489 4.24028 6.15406 0.0160631 0.00214669 0.0488591 0.998674
0000000059.000000 3.74634 6.31877 6.30099 0.0292344 -0.027022 0.0499421 0.997958
0000000062.000000 5.9614 4.33958 6.30813 0.0167594 0.00611357 0.0517836 0.998499
0000000063.000000 5.67748 6.54639 6.38392 0.0319442 6.39807e-05 0.0481482 0.998329
