0000000000.000000 0.324765 0.21058 0.0508211 0.00270783 0.0121983 0.00760222 0.999893
0000000001.000000 0.130601 2.60701 0.038249 -0.00940302 0.0429038 -0.0722605 0.996418
0000000004.000000 2.25515 0.487724 0.0104892 -0.00422137 -0.00897677 -0.0480846 0.998794
0000000005.000000 2.15983 2.43149 -0.214868 0.0250819 0.0070329 -0.0732146 0.996976
0000000016.000000 0.199208 0.33787 1.86604 -0.015893 -0.0320943 -0.0555227 0.997815
0000000017.000000 0.250894 2.78676 2.03304 0.00946278 0.0147863 -0.119451 0.992685
0000000020.000000 2.29798 0.226463 2.02246 -0.0141316 -0.0417508 -0.0464991 0.997945
0000000021.000000 2.19449 2.29515 1.98046 -0.00139462 -0.0150824 -0.125217 0.992014
0000000032.000000 -0.219528 0.569688 4.02316 0.00399486 -0.0304249 -0.0920022 0.995286
0000000033.000000 0.160411 2.61769 4.12336 0.0355716 -0.0440056 -0.131887 0.989648
0000000036.000000 1.79367 0.296246 3.977 -0.00557166 -0.0478511 -0.0716849 0.996263
0000000037.000000 1.88926 2.14833 4.23185 -0.00535496 -0.0823355 -0.118104 0.989567
0000000048.000000 -0.520766 0.59827 6.07613 0.030904 -0.0426313 -0.0537832 0.997163
0000000049.000000 -0.360913 2.81387 6.08331 0.0454609 -0.00420377 -0.159066 0.986212
0000000052.000000 1.18576 0.283303 6.22269 -0.00451591 -0.0363343 0.0352009 0.998709
0000000053.000000 0.253378 2.41004 6.30039 0.012304 0.0189689 0.0662354 0.997548
