0000000002.000000 0.56799 4.70173 0.0630306 -0.0101946 0.0405218 -0.0752313 0.99629
0000000003.000000 0.869501 6.74887 0.292581 -0.029321 0.0732222 -0.0959457 0.992257
0000000006.000000 2.52742 4.38275 -0.00877857 0.019247 0.0583769 -0.0884421 0.994183
0000000007.000000 2.97432 6.28449 0.207731 -0.00827458 0.0614577 -0.106624 0.992364
0000000018.000000 0.769209 4.72279 2.14202 0.0232495 0.0565557 -0.0941362 0.99368
0000000019.000000 1.15823 6.86389 2.43074 -0.0388039 0.0998001 -0.108719 0.988289
0000000022.000000 2.66954 4.23466 2.07848 0.0333173 0.0896382 -0.113035 0.988978
0000000023.000000 3.04886 6.40721 2.08037 0.00889879 0.0930359 -0.109236 0.989612
0000000034.000000 1.32334 4.53795 4.26014 0.0220705 0.073625 -0.106597 0.991327
0000000035.000000 1.73467 6.73824 4.36874 -0.00157618 0.0906394 -0.108263 0.98998
0000000038.000000 3.27402 4.03745 4.18172 0.0199861 0.142039 -0.111799 0.983324
0000000039.000000 3.61512 6.26419 4.31987 -0.00230089 0.115928 -0.11228 0.986888
0000000050.000000 1.65794 4.61242 6.44843 0.0184018 0.0433559 -0.0508129 0.997597
0000000051.000000 2.01628 6.76339 6.49731 -0.00359111 0.0219654 -0.0695111 0.997333
0000000054.000000 5.08873 4.04253 6.19646 0.0144732 0.0831126 -0.00179664 0.996433
0000000055.000000 4.41781 6.37474 6.21686 0.0015027 0.0462772 -0.0652262 0.996796
