0000000008.000000 4.0162 -0.0709464 -0.0602072 0.0134293 -0.0113079 -0.0670628 0.997594
0000000009.000000 4.1741 2.11386 0.0109355 -0.0110224 0.00326563 -0.0829185 0.99649
0000000012.000000 5.98467 -0.362391 0.27278 -0.01005 -0.0142834 -0.0899655 0.995792
0000000013.000000 6.23853 1.63205 0.0782191 -0.0289869 0.0111168 -0.0892186 0.995528
0000000024.000000 4.07287 -0.0804966 2.15709 -0.0215353 -0.0201234 -0.0970224 0.994846
0000000025.000000 4.29084 1.99446 2.03516 -0.0217254 0.0011804 -0.136816 0.990357
0000000028.000000 5.69228 -0.376165 2.13659 -0.0329066 -0.0246096 -0.135765 0.989889
0000000029.000000 6.43236 1.60206 2.0341 -0.0185809 0.0185063 -0.121141 0.992289
0000000040.000000 3.78644 0.0156169 4.21285 -0.0365425 -0.0130383 -0.121081 0.991884
0000000041.000000 4.02353 2.11215 4.1831 -0.0253026 0.000977043 -0.134055 0.99065
0000000044.000000 5.80353 -0.377444 4.22328 -0.0398999 -0.0110368 -0.146566 0.988334
0000000045.000000 6.33087 1.58206 3.98066 -0.0204859 0.018584 -0.140402 0.989708
0000000056.000000 3.41967 0.146096 6.3042 -0.0320412 -0.00113953 -0.104392 0.994019
0000000057.000000 3.86125 2.27405 6.15836 -0.0469183 0.0288124 -0.200794 0.978085
0000000060.000000 5.72703 -0.266894 6.31465 -0.0205496 0.012935 -0.174032 0.984441
0000000061.000000 6.23704 1.50943 6.18924 -0.0372692 0.0201396 -0.194854 0.979917
