0000000010.000000 4.47465 3.94855 -0.0873654 0.0270861 0.0429816 -0.108916 0.992752
0000000011.000000 5.0289 6.17376 0.0315289 -0.00935613 0.0728086 -0.122985 0.98969
0000000014.000000 6.49313 3.7781 -0.0812902 0.0208386 0.0204695 -0.117579 0.992634
0000000015.000000 7.12415 5.88141 0.0450634 0.0169881 0.0577126 -0.122329 0.990665
0000000026.000000 4.84264 3.96843 1.86092 -0.00130686 0.0874069 -0.0997742 0.991163
0000000027.000000 5.17463 6.07346 1.94138 -0.00736378 0.0792312 -0.121573 0.989388
0000000030.000000 6.86468 3.68794 1.81074 -0.0158749 0.0715653 -0.105159 0.99175
0000000031.000000 7.36466 5.73456 1.62408 -0.0201914 0.0626466 -0.11938 0.990665
0000000042.000000 5.12564 3.82752 3.83997 -0.0203436 0.0679503 -0.120231 0.990209
0000000043.000000 5.56518 5.91093 3.90741 0.00209199 0.0948317 -0.122605 0.987912
0000000046.000000 7.08058 3.47882 3.80534 -0.0222355 0.0580925 -0.139449 0.988274
0000000047.000000 7.58448 5.53085 3.5697 -0.00351656 0.0758006 -0.133845 0.988093
0000000058.000000 5.66363 4.00945 5.73892 -0.0290412 0.0449698 -0.113525 0.992092
0000000059.000000 6.16122 5.99384 5.69265 -0.00879402 0.0339543 -0.0940475 0.99495
0000000062.000000 7.36527 3.44124 5.77622 -0.0426784 0.0430868 -0.145055 0.987563
0000000063.000000 7.99837 5.6586 5.54946 -0.0166312 0.0527748 -0.121836 0.991007
